00,100
37.6400,-122.2500,3232,-97
37.6394,-122.2500,3232,-96
37.6389,-122.2500,3232,-95
37.6383,-122.2500,3232,-94
37.6378,-122.2500,3232,-93
37.6372,-122.2500,3232,-92
37.6367,-122.2500,3232,-91
37.6361,-122.2500,3232,-90
37.6356,-122.2500,3232,-89
37.6350,-122.2500,3232,-88
37.6344,-122.2500,3232,-87
37.6339,-122.2500,3232,-86
37.6333,-122.2500,3232,-85
37.6328,-122.2500,3232,-84
37.6322,-122.2500,3232,-83
37.6317,-122.2500,3232,-82
37.6311,-122.2500,3232,-81
37.6305,-122.2500,3232,-80
37.6300,-122.2500,3232,-79
37.6294,-122.2500,3232,-78
37.6289,-122.2500,3232,-77
37.6283,-122.2500,3232,-76
37.6278,-122.2500,3232,-75
37.6272,-122.2500,3232,-74
37.6267,-122.2500,3232,-73
37.6261,-122.2500,3232,-72
37.6255,-122.2500,3232,-71
37.6250,-122.2500,3232,-70
37.6244,-122.2500,3232,-69
37.6239,-122.2500,3232,-68
37.6233,-122.2500,3232,-67
37.6228,-122.2500,3232,-66
37.6222,-122.2500,3232,-65
37.6217,-122.2500,3232,-64
37.6211,-122.2500,3232,-63
37.6205,-122.2500,3232,-62
37.6200,-122.2500,3232,-61
37.6194,-122.2500,3232,-60
37.6189,-122.2500,3232,-59
37.6183,-122.2500,3232,-58
37.6178,-122.2500,3232,-57
37.6172,-122.2500,3232,-56
37.6167,-122.2500,3232,-55
37.6161,-122.2500,3232,-54
37.6155,-122.2500,3232,-53
37.6150,-122.2500,3232,-52
37.6144,-122.2500,3232,-51
37.6139,-122.2500,3232,-50
37.6133,-122.2500,3232,-49
37.6128,-122.2500,3232,-48
37.6122,-122.2500,3232,-47
37.6116,-122.2500,3232,-46
37.6111,-122.2500,3232,-45
37.6105,-122.2500,3232,-44
37.6100,-122.2500,3232,-43
37.6094,-122.2500,3232,-42
37.6089,-122.2500,3232,-41
37.6083,-122.2500,3232,-40
37.6078,-122.2500,3232,-39
37.6072,-122.2500,3232,-38
37.6066,-122.2500,3232,-37
37.6061,-122.2500,3232,-36
37.6055,-122.2500,3232,-35
37.6050,-122.2500,3232,-34
37.6044,-122.2500,3232,-33
37.6039,-122.2500,3232,-32
37.6033,-122.2500,3232,-31
37.6028,-122.2500,3232,-30
37.6022,-122.2500,3232,-29
37.6016,-122.2500,3232,-28
37.6011,-122.2500,3232,-27
37.6005,-122.2500,3232,-26
37.6000,-122.2500,3232,-25
37.5994,-122.2500,3232,-24
37.5989,-122.2500,3232,-23
37.5983,-122.2500,3232,-22
37.5977,-122.2500,3232,-21
37.5972,-122.2500,3232,-20
37.5966,-122.2500,3232,-19
37.5961,-122.2500,3232,-18
37.5955,-122.2500,3232,-17
37.5950,-122.2500,3232,-16
37.5944,-122.2500,3232,-15
37.5939,-122.2500,3232,-14
37.5933,-122.2500,3232,-13
37.5927,-122.2500,3232,-12
37.5922,-122.2500,3232,-11
37.5916,-122.2500,3232,-10
37.5911,-122.2500,3232,-9
37.5905,-122.2500,3232,-8
37.5900,-122.2500,3232,-7
37.5894,-122.2500,3232,-6
37.5889,-122.2500,3232,-5
37.5883,-122.2500,3232,-4
37.5877,-122.2500,3232,-3
37.5872,-122.2500,3232,-2
37.5866,-122.2500,3232,-1
37.5861,-122.2500,3232,0
37.5855,-122.2500,3232,1
37.5850,-122.2500,3232,2
37.5844,-122.2500,3232,3
37.5839,-122.2500,3232,4
37.5833,-122.2500,3232,5
37.5827,-122.2500,3232,6
37.5822,-122.2500,3232,7
37.5816,-122.2500,3232,8
37.5811,-122.2500,3232,9
37.5805,-122.2500,3232,10
37.5800,-122.2500,3232,11
37.5794,-122.2500,3232,12
37.5788,-122.2500,3232,13
37.5783,-122.2500,3232,14
37.5777,-122.2500,3232,15
37.5772,-122.2500,3232,16
37.5766,-122.2500,3232,17
37.5761,-122.2500,3232,18
37.5755,-122.2500,3232,19
37.5750,-122.2500,3232,20
37.5744,-122.2500,3232,21
37.5738,-122.2500,3232,22
37.5733,-122.2500,3232,23
37.5727,-122.2500,3232,24
37.5722,-122.2500,3232,25
37.5716,-122.2500,3232,26
37.5711,-122.2500,3232,27
37.5705,-122.2500,3232,28
37.5700,-122.2500,3232,29
37.5694,-122.2500,3232,30
37.5688,-122.2500,3232,31
37.5683,-122.2500,3232,32
37.5677,-122.2500,3232,33
37.5672,-122.2500,3232,34
37.5666,-122.2500,3232,35
37.5661,-122.2500,3232,36
37.5655,-122.2500,3232,37
37.5649,-122.2500,3232,38
37.5644,-122.2500,3232,39
37.5638,-122.2500,3232,40
37.5633,-122.2500,3232,41
37.5627,-122.2500,3232,42
37.5622,-122.2500,3232,43
37.5616,-122.2500,3232,44
37.5611,-122.2500,3232,45
37.5605,-122.2500,3232,46
37.5599,-122.2500,3232,47
37.5594,-122.2500,3232,48
37.5588,-122.2500,3232,49
37.5583,-122.2500,3232,50
37.5577,-122.2500,3232,51
37.5572,-122.2500,3232,52
37.5566,-122.2500,3232,53
37.5561,-122.2500,3232,54
37.5555,-122.2500,3232,55
37.5549,-122.2500,3232,56
37.5544,-122.2500,3232,57
37.5538,-122.2500,3232,58
37.5533,-122.2500,3232,59
37.5527,-122.2500,3232,60
37.5522,-122.2500,3232,61
37.5516,-122.2500,3232,62
37.5511,-122.2500,3232,63
37.5505,-122.2500,3232,64
37.5499,-122.2500,3232,65
37.5494,-122.2500,3232,66
37.5488,-122.2500,3232,67
37.5483,-122.2500,3232,68
37.5477,-122.2500,3232,69
37.5472,-122.2500,3232,70
37.5466,-122.2500,3232,71
37.5460,-122.2500,3232,72
37.5455,-122.2500,3232,73
37.5449,-122.2500,3232,74
37.5444,-122.2500,3232,75
37.5438,-122.2500,3232,76
37.5433,-122.2500,3232,77
37.5427,-122.2500,3232,78
37.5422,-122.2500,3232,79
37.5416,-122.2500,3232,80
37.5410,-122.2500,3232,81
37.5405,-122.2500,3232,82
37.5399,-122.2500,3232,83
37.5394,-122.2500,3232,84
37.5388,-122.2500,3232,85
37.5383,-122.2500,3232,86
37.5377,-122.2500,3232,87
37.5372,-122.2500,3232,88
37.5366,-122.2500,3232,89
37.5360,-122.2500,3232,90
37.5355,-122.2500,3232,91
37.5349,-122.2500,3232,92
37.5344,-122.2500,3232,93
37.5338,-122.2500,3232,94
37.5333,-122.2500,3232,95
37.5327,-122.2500,3232,96
37.5321,-122.2500,3232,97
37.5316,-122.2500,3232,98
37.5310,-122.2500,3232,99
37.5305,-122.2500,3232,100
37.5299,-122.2500,3232,101
37.5294,-122.2500,3232,102
37.5288,-122.2500,3232,103
37.5283,-122.2500,3232,104
37.5277,-122.2500,3232,105
37.5271,-122.2500,3232,106
37.5266,-122.2500,3232,107
37.5260,-122.2500,3232,108
37.5255,-122.2500,3232,109
37.5249,-122.2500,3232,110
37.5244,-122.2500,3232,111
37.5238,-122.2500,3232,112
37.5233,-122.2500,3232,113
37.5227,-122.2500,3232,114
37.5221,-122.2500,3232,115
37.5216,-122.2500,3232,116
37.5210,-122.2500,3232,117
37.5205,-122.2500,3232,118
37.5199,-122.2500,3232,119
37.5194,-122.2500,3232,120
37.5188,-122.2500,3232,121
37.5183,-122.2500,3232,122
37.5177,-122.2500,3232,123
37.5171,-122.2500,3232,124
37.5166,-122.2500,3232,125
37.5160,-122.2500,3232,126
37.5155,-122.2500,3232,127
37.5149,-122.2500,3232,128
37.5144,-122.2500,3232,129
37.5138,-122.2500,3232,130
37.5132,-122.2500,3232,131
37.5127,-122.2500,3232,132
37.5121,-122.2500,3232,133
37.5116,-122.2500,3232,134
37.5110,-122.2500,3232,135
37.5105,-122.2500,3232,136
37.5099,-122.2500,3232,137
37.5094,-122.2500,3232,138
37.5088,-122.2500,3232,139
37.5082,-122.2500,3232,140
37.5077,-122.2500,3232,141
37.5071,-122.2500,3232,142
37.5066,-122.2500,3232,143
37.5060,-122.2500,3232,144
37.5055,-122.2500,3232,145
37.5049,-122.2500,3232,146
37.5044,-122.2500,3232,147
37.5038,-122.2500,3232,148
37.5032,-122.2500,3232,149
37.5027,-122.2500,3232,150
37.5021,-122.2500,3232,151
37.5016,-122.2500,3232,152
37.5010,-122.2500,3232,153
37.5005,-122.2500,3232,154
37.4999,-122.2500,3232,155
37.4993,-122.2500,3232,156
37.4988,-122.2500,3232,157
37.4982,-122.2500,3232,158
37.4977,-122.2500,3232,159
37.4971,-122.2500,3232,160
37.4966,-122.2500,3232,161
37.4960,-122.2500,3232,162
37.4955,-122.2500,3232,163
37.4949,-122.2500,3232,164
37.4943,-122.2500,3232,165
37.4938,-122.2500,3232,166
37.4932,-122.2500,3232,167
37.4927,-122.2500,3232,168
37.4921,-122.2500,3233,169
37.4916,-122.2500,3233,170
37.4910,-122.2500,3233,171
37.4905,-122.2500,3233,172
37.4899,-122.2500,3233,173
37.4893,-122.2500,3233,174
37.4888,-122.2500,3233,175
37.4882,-122.2500,3233,176
37.4877,-122.2500,3233,177
37.4871,-122.2500,3233,178
37.4866,-122.2500,3233,179
37.4860,-122.2500,3233,180
37.4854,-122.2500,3233,181
37.4849,-122.2500,3233,182
37.4843,-122.2500,3233,183
37.4838,-122.2500,3233,184
37.4832,-122.2500,3233,185
37.4827,-122.2500,3233,186
37.4821,-122.2500,3233,187
37.4816,-122.2500,3233,188
37.4810,-122.2500,3233,189
37.4804,-122.2500,3233,190
37.4799,-122.2500,3233,191
37.4793,-122.2500,3233,192
37.4788,-122.2500,3233,193
37.4782,-122.2500,3233,194
37.4777,-122.2500,3233,195
37.4771,-122.2500,3233,196
37.4766,-122.2500,3233,197
37.4760,-122.2500,3233,198
37.4754,-122.2500,3233,199
37.4749,-122.2500,3233,200
37.4743,-122.2500,3233,201
37.4738,-122.2500,3233,202
37.4732,-122.2500,3233,203
37.4727,-122.2500,3233,204
37.4721,-122.2500,3233,205
37.4716,-122.2500,3233,206
37.4710,-122.2500,3233,207
37.4704,-122.2500,3233,208
37.4699,-122.2500,3233,209
37.4693,-122.2500,3233,210
37.4688,-122.2500,3233,211
37.4682,-122.2500,3233,212
37.4677,-122.2500,3233,213
37.4671,-122.2500,3233,214
37.4665,-122.2500,3233,215
37.4660,-122.2500,3233,216
37.4654,-122.2500,3233,217
37.4649,-122.2500,3233,218
37.4643,-122.2500,3233,219
37.4638,-122.2500,3233,220
37.4632,-122.2500,3233,221
37.4627,-122.2500,3233,222
37.4621,-122.2500,3233,223
37.4615,-122.2500,3233,224
37.4610,-122.2500,3233,225
37.4604,-122.2500,3233,226
37.4599,-122.2500,3233,227
37.4593,-122.2500,3233,228
37.4588,-122.2500,3233,229
37.4582,-122.2500,3233,230
37.4577,-122.2500,3233,231
37.4571,-122.2500,3233,232
37.4565,-122.2500,3233,233
37.4560,-122.2500,3233,234
37.4554,-122.2500,3233,235
37.4549,-122.2500,3233,236
37.4543,-122.2500,3233,237
37.4538,-122.2500,3233,238
37.4532,-122.2500,3233,239
37.4526,-122.2500,3233,240
37.4521,-122.2500,3233,241
37.4515,-122.2500,3233,242
37.4510,-122.2500,3233,243
37.4504,-122.2500,3233,244
37.4499,-122.2500,3233,245
37.4493,-122.2500,3233,246
37.4488,-122.2500,3233,247
37.4482,-122.2500,3233,248
37.4476,-122.2500,3233,249
37.4471,-122.2500,3233,250
37.4465,-122.2500,3233,251
37.4460,-122.2500,3233,252
37.4454,-122.2500,3233,253
37.4449,-122.2500,3233,254
37.4443,-122.2500,3233,255
37.4438,-122.2500,3233,256
37.4432,-122.2500,3233,257
37.4426,-122.2500,3233,258
37.4421,-122.2500,3233,259
37.4415,-122.2500,3233,260
37.4410,-122.2500,3233,261
37.4404,-122.2500,3233,262
37.4399,-122.2500,3233,263
37.4393,-122.2500,3233,264
37.4387,-122.2500,3233,265
37.4382,-122.2500,3233,266
37.4376,-122.2500,3233,267
37.4371,-122.2500,3233,268
37.4365,-122.2500,3233,269
37.4360,-122.2500,3233,270
37.4354,-122.2500,3233,271
37.4349,-122.2500,3233,272
37.4343,-122.2500,3233,273
37.4337,-122.2500,3233,274
37.4332,-122.2500,3233,275
37.4326,-122.2500,3233,276
37.4321,-122.2500,3233,277
37.4315,-122.2500,3233,278
37.4310,-122.2500,3233,279
37.4304,-122.2500,3233,280
37.4299,-122.2500,3233,281
37.4293,-122.2500,3233,282
37.4287,-122.2500,3233,283
37.4282,-122.2500,3233,284
37.4276,-122.2500,3233,285
37.4271,-122.2500,3233,286
37.4265,-122.2500,3233,287
37.4260,-122.2500,3233,288
37.4254,-122.2500,3233,289
37.4249,-122.2500,3233,290
37.4243,-122.2500,3233,291
37.4237,-122.2500,3233,292
37.4232,-122.2500,3233,293
37.4226,-122.2500,3233,294
37.4221,-122.2500,3233,295
37.4215,-122.2500,3233,296
37.4210,-122.2500,3233,297
37.4204,-122.2500,3233,298
37.4198,-122.2500,3233,299
37.4193,-122.2500,3233,300
37.4187,-122.2500,3233,301
37.4182,-122.2500,3233,302
37.4176,-122.2500,3233,303
37.4171,-122.2500,3233,304
37.4165,-122.2500,3233,305
37.4160,-122.2500,3233,306
37.4154,-122.2500,3233,307
37.4148,-122.2500,3233,308
37.4143,-122.2500,3233,309
37.4137,-122.2500,3233,310
37.4132,-122.2500,3233,311
37.4126,-122.2500,3233,312
37.4121,-122.2500,3233,313
37.4115,-122.2500,3233,314
37.4110,-122.2500,3233,315
37.4104,-122.2500,3233,316
37.4098,-122.2500,3233,317
37.4093,-122.2500,3233,318
37.4087,-122.2500,3233,319
37.4082,-122.2500,3233,320
37.4076,-122.2500,3233,321
37.4071,-122.2500,3233,322
37.4065,-122.2500,3233,323
37.4059,-122.2500,3233,324
37.4054,-122.2500,3233,325
37.4048,-122.2500,3233,326
37.4043,-122.2500,3233,327
37.4037,-122.2500,3233,328
37.4032,-122.2500,3233,329
37.4026,-122.2500,3233,330
37.4021,-122.2500,3233,331
37.4015,-122.2500,3233,332
37.4009,-122.2500,3233,333
37.4004,-122.2500,3233,334
37.3998,-122.2500,3233,335
37.3993,-122.2500,3233,336
37.3987,-122.2500,3233,337
37.3982,-122.2500,3233,338
37.3976,-122.2500,3233,339
37.3971,-122.2500,3233,340
37.3965,-122.2500,3233,341
37.3959,-122.2500,3233,342
37.3954,-122.2500,3233,343
37.3948,-122.2500,3233,344
37.3943,-122.2500,3233,345
37.3937,-122.2500,3233,346
37.3932,-122.2500,3233,347
37.3926,-122.2500,3233,348
37.3920,-122.2500,3233,349
37.3915,-122.2500,3233,350
37.3909,-122.2500,3233,351
37.3904,-122.2500,3233,352
37.3898,-122.2500,3233,353
37.3893,-122.2500,3233,354
37.3887,-122.2500,3233,355
37.3882,-122.2500,3233,356
37.3876,-122.2500,3233,357
37.3870,-122.2500,3233,358
37.3865,-122.2500,3233,359
37.3859,-122.2500,3233,360
37.3854,-122.2500,3233,361
37.3848,-122.2500,3233,362
37.3843,-122.2500,3233,363
37.3837,-122.2500,3233,364
37.3832,-122.2500,3233,365
37.3826,-122.2500,3233,366
37.3820,-122.2500,3233,367
37.3815,-122.2500,3233,368
37.3809,-122.2500,3233,369
37.3804,-122.2500,3233,370
37.3798,-122.2500,3233,371
37.3793,-122.2500,3233,372
37.3787,-122.2500,3233,373
37.3782,-122.2500,3233,374
37.3776,-122.2500,3233,375
37.3770,-122.2500,3233,376
37.3765,-122.2500,3233,377
37.3759,-122.2500,3233,378
37.3754,-122.2500,3233,379
37.3748,-122.2500,3233,380
37.3743,-122.2500,3233,381
37.3737,-122.2500,3233,382
37.3731,-122.2500,3233,383
37.3726,-122.2500,3233,384
37.3720,-122.2500,3233,385
37.3715,-122.2500,3233,386
37.3709,-122.2500,3233,387
37.3704,-122.2500,3233,388
37.3698,-122.2500,3233,389
37.3693,-122.2500,3233,390
37.3687,-122.2500,3233,391
37.3681,-122.2500,3233,392
37.3676,-122.2500,3233,393
37.3670,-122.2500,3233,394
37.3665,-122.2500,3233,395
37.3659,-122.2500,3233,396
37.3654,-122.2500,3233,397
37.3648,-122.2500,3233,398
37.3643,-122.2500,3233,399
37.3637,-122.2500,3233,400
37.3631,-122.2500,3233,401
37.3626,-122.2500,3233,402
37.3620,-122.2500,3233,403
37.3615,-122.2500,3233,404
37.3609,-122.2500,3233,405
37.3604,-122.2500,3233,406
37.3598,-122.2500,3233,407
37.3592,-122.2500,3233,408
37.3587,-122.2500,3233,409
37.3581,-122.2500,3233,410
37.3576,-122.2500,3233,411
37.3570,-122.2500,3233,412
37.3565,-122.2500,3233,413
37.3559,-122.2500,3233,414
37.3554,-122.2500,3233,415
37.3548,-122.2500,3233,416
37.3542,-122.2500,3233,417
37.3537,-122.2500,3233,418
37.3531,-122.2500,3233,419
37.3526,-122.2500,3233,420
37.3520,-122.2500,3233,421
37.3515,-122.2500,3233,422
37.3509,-122.2500,3233,423
37.3504,-122.2500,3233,424
37.3498,-122.2500,3233,425
37.3492,-122.2500,3233,426
37.3487,-122.2500,3233,427
37.3481,-122.2500,3233,428
37.3476,-122.2500,3233,429
37.3470,-122.2500,3233,430
37.3465,-122.2500,3233,431
37.3459,-122.2500,3233,432
37.3453,-122.2500,3233,433
37.3448,-122.2500,3233,434
37.3442,-122.2500,3233,435
37.3437,-122.2500,3233,436
37.3431,-122.2500,3233,437
37.3426,-122.2500,3233,438
37.3420,-122.2500,3233,439
37.3415,-122.2500,3233,440
37.3409,-122.2500,3233,441
37.3403,-122.2500,3233,442
37.3398,-122.2500,3233,443
37.3392,-122.2500,3233,444
37.3387,-122.2500,3233,445
37.3381,-122.2500,3233,446
37.3376,-122.2500,3233,447
37.3370,-122.2500,3233,448
37.3365,-122.2500,3233,449
37.3359,-122.2500,3233,450
37.3353,-122.2500,3233,451
37.3348,-122.2500,3233,452
37.3342,-122.2500,3233,453
37.3337,-122.2500,3233,454
37.3331,-122.2500,3233,455
37.3326,-122.2500,3233,456
37.3320,-122.2500,3233,457
37.3315,-122.2500,3233,458
37.3309,-122.2500,3233,459
37.3303,-122.2500,3233,460
37.3298,-122.2500,3233,461
37.3292,-122.2500,3233,462
37.3287,-122.2500,3233,463
37.3281,-122.2500,3233,464
37.3276,-122.2500,3233,465
37.3270,-122.2500,3233,466
37.3264,-122.2500,3233,467
37.3259,-122.2500,3233,468
37.3253,-122.2500,3233,469
37.3248,-122.2500,3233,470
37.3242,-122.2500,3233,471
37.3237,-122.2500,3233,472
37.3231,-122.2500,3233,473
37.3226,-122.2500,3233,474
37.3220,-122.2500,3233,475
37.3214,-122.2500,3233,476
37.3209,-122.2500,3233,477
37.3203,-122.2500,3233,478
37.3198,-122.2500,3233,479
37.3192,-122.2500,3233,480
37.3187,-122.2500,3233,481
37.3181,-122.2500,3233,482
37.3176,-122.2500,3233,483
37.3170,-122.2500,3233,484
37.3164,-122.2500,3233,485
37.3159,-122.2500,3233,486
37.3153,-122.2500,3233,487
37.3148,-122.2500,3233,488
37.3142,-122.2500,3233,489
37.3137,-122.2500,3233,490
37.3131,-122.2500,3233,491
37.3125,-122.2500,3233,492
37.3120,-122.2500,3233,493
37.3114,-122.2500,3233,494
37.3109,-122.2500,3233,495
37.3103,-122.2500,3233,496
37.3098,-122.2500,3233,497
37.3092,-122.2500,3233,498
37.3087,-122.2500,3233,499
37.3081,-122.2500,3233,500
37.3075,-122.2500,3233,501
37.3070,-122.2500,3233,502
37.3064,-122.2500,3233,503
37.3059,-122.2500,3233,504
37.3053,-122.2500,3233,505
37.3048,-122.2500,3233,506
37.3042,-122.2500,3233,507
37.3037,-122.2500,3233,508
37.3031,-122.2500,3233,509
37.3025,-122.2500,3233,510
37.3020,-122.2500,3233,511
37.3014,-122.2500,3233,512
37.3009,-122.2500,3233,513
37.3003,-122.2500,3233,514
37.2998,-122.2500,3233,515
37.2992,-122.2500,3233,516
37.2986,-122.2500,3233,517
37.2981,-122.2500,3233,518
37.2975,-122.2500,3233,519
37.2970,-122.2500,3233,520
37.2964,-122.2500,3233,521
37.2959,-122.2500,3233,522
37.2953,-122.2500,3233,523
37.2948,-122.2500,3233,524
37.2942,-122.2500,3233,525
37.2936,-122.2500,3233,526
37.2931,-122.2500,3233,527
37.2925,-122.2500,3233,528
37.2920,-122.2500,3233,529
37.2914,-122.2500,3233,530
37.2909,-122.2500,3233,531
37.2903,-122.2500,3233,532
37.2898,-122.2500,3233,533
37.2892,-122.2500,3233,534
37.2886,-122.2500,3233,535
37.2881,-122.2500,3233,536
37.2875,-122.2500,3233,537
37.2870,-122.2500,3233,538
37.2864,-122.2500,3233,539
37.2859,-122.2500,3233,540
37.2853,-122.2500,3233,541
37.2847,-122.2500,3233,542
37.2842,-122.2500,3233,543
37.2836,-122.2500,3233,544
37.2831,-122.2500,3233,545
37.2825,-122.2500,3233,546
37.2820,-122.2500,3233,547
37.2814,-122.2500,3233,548
37.2809,-122.2500,3233,549
37.2803,-122.2500,3233,550
37.2797,-122.2500,3233,551
37.2792,-122.2500,3233,552
37.2786,-122.2500,3233,553
37.2781,-122.2500,3233,554
37.2775,-122.2500,3233,555
37.2770,-122.2500,3233,556
37.2764,-122.2500,3233,557
37.2759,-122.2500,3233,558
37.2753,-122.2500,3233,559
37.2747,-122.2500,3233,560
37.2742,-122.2500,3233,561
37.2736,-122.2500,3233,562
37.2731,-122.2500,3233,563
37.2725,-122.2500,3233,564
37.2720,-122.2500,3233,565
37.2714,-122.2500,3233,566
37.2709,-122.2500,3233,567
37.2703,-122.2500,3233,568
37.2697,-122.2500,3233,569
37.2692,-122.2500,3233,570
37.2686,-122.2500,3233,571
37.2681,-122.2500,3233,572
37.2675,-122.2500,3233,573
37.2670,-122.2500,3233,574
37.2664,-122.2500,3233,575
37.2658,-122.2500,3233,576
37.2653,-122.2500,3233,577
37.2647,-122.2500,3233,578
37.2642,-122.2500,3233,579
37.2636,-122.2500,3233,580
37.2631,-122.2500,3233,581
37.2625,-122.2500,3233,582
37.2620,-122.2500,3233,583
37.2614,-122.2500,3233,584
37.2608,-122.2500,3233,585
37.2603,-122.2500,3233,586
37.2597,-122.2500,3233,587
37.2592,-122.2500,3233,588
37.2586,-122.2500,3233,589
37.2581,-122.2500,3233,590
37.2575,-122.2500,3233,591
37.2570,-122.2500,3233,592
37.2564,-122.2500,3233,593
37.2558,-122.2500,3233,594
37.2553,-122.2500,3233,595
37.2547,-122.2500,3233,596
37.2542,-122.2500,3233,597
37.2536,-122.2500,3233,598
37.2531,-122.2500,3233,599
37.2525,-122.2500,3233,600
37.2519,-122.2500,3233,601
37.2514,-122.2500,3233,602
37.2508,-122.2500,3233,603
37.2503,-122.2500,3233,604
37.2497,-122.2500,3233,605
37.2492,-122.2500,3233,606
37.2486,-122.2500,3233,607
37.2481,-122.2500,3233,608
37.2475,-122.2500,3233,609
37.2469,-122.2500,3233,610
37.2464,-122.2500,3233,611
37.2458,-122.2500,3233,612
37.2453,-122.2500,3233,613
37.2447,-122.2500,3233,614
37.2442,-122.2500,3233,615
37.2436,-122.2500,3233,616
37.2431,-122.2500,3233,617
37.2425,-122.2500,3233,618
37.2419,-122.2500,3233,619
37.2414,-122.2500,3233,620
37.2408,-122.2500,3233,621
37.2403,-122.2500,3233,622
37.2397,-122.2500,3233,623
37.2392,-122.2500,3233,624
37.2386,-122.2500,3233,625
37.2380,-122.2500,3233,626
37.2375,-122.2500,3233,627
37.2369,-122.2500,3233,628
37.2364,-122.2500,3233,629
37.2358,-122.2500,3233,630
37.2353,-122.2500,3233,631
37.2347,-122.2500,3233,632
37.2342,-122.2500,3233,633
37.2336,-122.2500,3233,634
37.2330,-122.2500,3233,635
37.2325,-122.2500,3233,636
37.2319,-122.2500,3233,637
37.2314,-122.2500,3233,638
37.2308,-122.2500,3233,639
37.2303,-122.2500,3233,640
37.2297,-122.2500,3233,641
37.2292,-122.2500,3233,642
37.2286,-122.2500,3233,643
37.2280,-122.2500,3233,644
37.2275,-122.2500,3233,645
37.2269,-122.2500,3233,646
37.2264,-122.2500,3233,647
37.2258,-122.2500,3233,648
37.2253,-122.2500,3233,649
37.2247,-122.2500,3233,650
37.2241,-122.2500,3233,651